HEP_CR 17.983765 0.07470 0.18510 0.07470 0.66549 0.21910 0.78090 0.00071 0.99929 0.04208 0.95792 0.00000 1.00000 0.00006 0.00006 0.00006 0.99982 0.28934 0.71066 0.00000 0.00000 1.00000 0.00538 0.99462 0.11440 0.21771 0.11440 0.29372 0.11440 0.14536 0.00155 0.99845 0.14217 0.60157 0.14217 0.11409 0.00001 0.99999 0.14472 0.14472 0.14472 0.14472 0.07987 0.34125 0.07131 0.64343 0.07131 0.07131 0.07131 0.07131 0.01052 0.01052 0.01052 0.96844 0.02350 0.34374 0.02350 0.60925 0.00000 1.00000
HEP_VR 15.290269 0.17294 0.39143 0.00008 0.43555 0.50000 0.50000 0.28086 0.71914 0.38862 0.61138 0.29687 0.70313 0.13874 0.00046 0.45233 0.40848 0.41103 0.58897 0.23284 0.23284 0.53431 0.00736 0.99264 0.00178 0.00178 0.00178 0.39533 0.00178 0.59756 0.01164 0.98836 0.00000 0.40012 0.15334 0.44654 0.23184 0.76816 0.00000 0.00000 0.00000 0.25797 0.27697 0.46505 0.13669 0.22988 0.00000 0.19839 0.18733 0.24771 0.00000 0.34573 0.00000 0.65427 0.20868 0.20868 0.04338 0.53927 0.24054 0.75946
LEP_CR 7.993646 0.25000 0.25000 0.25000 0.25000 0.50000 0.50000 0.00000 1.00000 0.50000 0.50000 0.00000 1.00000 0.25000 0.25000 0.25000 0.25000 0.00064 0.99936 0.00951 0.00951 0.98098 0.50000 0.50000 0.16667 0.16667 0.16667 0.16667 0.16667 0.16667 0.00024 0.99976 0.25000 0.25000 0.25000 0.25000 0.00001 0.99999 0.16667 0.16667 0.16667 0.16667 0.16667 0.16667 0.16667 0.16667 0.16667 0.16667 0.16667 0.16667 0.25000 0.25000 0.25000 0.25000 0.25000 0.25000 0.25000 0.25000 0.17022 0.82978
LEP_VR 17.116802 0.12048 0.33006 0.10243 0.44703 0.44951 0.55049 0.25858 0.74142 0.36417 0.63583 0.34484 0.65516 0.11810 0.19712 0.20760 0.47718 0.32147 0.67853 0.19707 0.23805 0.56487 0.43008 0.56992 0.05724 0.07969 0.05724 0.47781 0.09068 0.23734 0.41232 0.58768 0.10303 0.45298 0.08611 0.35788 0.36232 0.63768 0.06547 0.08206 0.09511 0.35176 0.09026 0.31534 0.06211 0.26440 0.07494 0.31398 0.06342 0.22115 0.13588 0.29204 0.10781 0.46427 0.08958 0.42983 0.14140 0.33920 0.41725 0.58275
C1 2037.157806 0.12073 0.32887 0.07568 0.47472 0.30789 0.69211 0.27103 0.72897 0.33236 0.66764 0.11239 0.88761 0.13416 0.18225 0.19709 0.48650 0.28545 0.71455 0.05096 0.10652 0.84251 0.23662 0.76338 0.01048 0.14243 0.02618 0.52391 0.04943 0.24757 0.23271 0.76729 0.08411 0.53809 0.07736 0.30045 0.21330 0.78670 0.02722 0.05563 0.09355 0.31572 0.13150 0.37639 0.07970 0.24059 0.07623 0.32513 0.05418 0.22417 0.08483 0.25786 0.07629 0.58103 0.05979 0.44999 0.07520 0.41502 0.25656 0.74344
C5 1244.432082 0.11021 0.32841 0.07057 0.49081 0.28795 0.71205 0.26527 0.73473 0.31543 0.68457 0.10675 0.89325 0.12577 0.17767 0.19872 0.49784 0.27898 0.72102 0.04001 0.09797 0.86202 0.21623 0.78377 0.01127 0.13520 0.02630 0.54309 0.04458 0.23957 0.21400 0.78600 0.07349 0.54201 0.07442 0.31008 0.19048 0.80952 0.02257 0.05000 0.07982 0.31416 0.13565 0.39779 0.07631 0.24404 0.06713 0.33571 0.05431 0.22249 0.07416 0.25593 0.07003 0.59988 0.05657 0.46168 0.06988 0.41187 0.24335 0.75665
C9 639.990642 0.10540 0.32784 0.07234 0.49441 0.29850 0.70150 0.25652 0.74348 0.29779 0.70221 0.09947 0.90053 0.11007 0.17503 0.20835 0.50656 0.27507 0.72493 0.03651 0.09499 0.86850 0.19402 0.80598 0.01043 0.13338 0.02241 0.55342 0.04585 0.23450 0.19919 0.80081 0.06253 0.55349 0.07729 0.30669 0.17224 0.82776 0.01932 0.04524 0.07372 0.31224 0.13664 0.41283 0.07376 0.23250 0.06335 0.35105 0.04883 0.23051 0.06776 0.24591 0.06716 0.61917 0.05370 0.47271 0.06608 0.40751 0.23639 0.76361
C12 303.245709 0.10233 0.32117 0.07550 0.50101 0.34273 0.65727 0.25906 0.74094 0.27966 0.72034 0.09716 0.90284 0.10298 0.16714 0.21464 0.51524 0.27573 0.72427 0.03548 0.10585 0.85867 0.18529 0.81471 0.01239 0.12769 0.02073 0.56395 0.04364 0.23160 0.20039 0.79961 0.05465 0.55833 0.08057 0.30646 0.15753 0.84247 0.01989 0.04392 0.06832 0.30042 0.15055 0.41689 0.07013 0.23583 0.06169 0.34480 0.05279 0.23476 0.06345 0.25063 0.07076 0.61516 0.04876 0.46914 0.06888 0.41322 0.23173 0.76827
GNM 2187.174837 0.12237 0.33099 0.07714 0.46949 0.30233 0.69767 0.27609 0.72391 0.33728 0.66272 0.11499 0.88501 0.13330 0.18158 0.20004 0.48508 0.29188 0.70812 0.05446 0.10962 0.83592 0.23704 0.76296 0.01106 0.14530 0.02770 0.51722 0.05048 0.24823 0.23515 0.76485 0.08538 0.53472 0.08146 0.29843 0.21595 0.78405 0.02892 0.05858 0.09624 0.31415 0.12984 0.37226 0.08045 0.24177 0.07684 0.32142 0.05528 0.22423 0.08677 0.26045 0.07759 0.57518 0.06184 0.44472 0.07701 0.41643 0.26228 0.73772
singletons 61.524356 0.12097 0.35848 0.11198 0.40857 0.30812 0.69188 0.42546 0.57454 0.44362 0.55638 0.20924 0.79076 0.13626 0.17626 0.23159 0.45588 0.32120 0.67880 0.16726 0.18102 0.65172 0.36613 0.63387 0.01615 0.21864 0.03764 0.28513 0.12691 0.31553 0.30862 0.69138 0.18025 0.47903 0.09792 0.24280 0.25389 0.74611 0.05969 0.12966 0.11288 0.28691 0.12390 0.28695 0.09252 0.29466 0.06380 0.30689 0.05853 0.18360 0.11630 0.34181 0.09681 0.44509 0.13108 0.30554 0.13444 0.42895 0.36255 0.63745
HEP 15.599538 0.11829 0.24035 0.10404 0.53732 0.42570 0.57430 0.22598 0.77402 0.24096 0.75904 0.12630 0.87370 0.05747 0.07510 0.28341 0.58403 0.27768 0.72232 0.04676 0.12132 0.83191 0.06564 0.93436 0.01560 0.08125 0.01783 0.57071 0.03656 0.27805 0.16079 0.83921 0.05842 0.60125 0.04808 0.29225 0.12088 0.87912 0.02120 0.01714 0.06472 0.15449 0.25582 0.48663 0.03916 0.23110 0.03522 0.37862 0.04545 0.27046 0.06134 0.24579 0.05992 0.63294 0.02518 0.38443 0.10259 0.48780 0.18592 0.81408
LEP 15.500355 0.10447 0.34914 0.05824 0.48815 0.39850 0.60150 0.23358 0.76642 0.32356 0.67644 0.14257 0.85743 0.10015 0.18977 0.20770 0.50237 0.36814 0.63186 0.05611 0.15322 0.79067 0.20161 0.79839 0.01299 0.13627 0.02469 0.57827 0.03912 0.20866 0.23478 0.76522 0.09943 0.55187 0.06970 0.27900 0.19342 0.80658 0.04232 0.07097 0.07496 0.30451 0.13597 0.37127 0.07325 0.23071 0.08764 0.32497 0.04210 0.24134 0.07806 0.29853 0.07280 0.55060 0.04787 0.51226 0.05162 0.38825 0.28042 0.71958
PHE 146.363226 0.09262 0.24284 0.12606 0.53849 0.36552 0.63448 0.22401 0.77599 0.22783 0.77217 0.10864 0.89136 0.07315 0.10080 0.27671 0.54934 0.20607 0.79393 0.03818 0.09267 0.86915 0.11199 0.88801 0.01113 0.09507 0.01392 0.56954 0.04736 0.26297 0.16167 0.83833 0.04667 0.56216 0.07591 0.31526 0.13426 0.86574 0.01331 0.03152 0.05250 0.21995 0.20098 0.48174 0.04666 0.26343 0.04820 0.33766 0.04231 0.26174 0.05445 0.19814 0.07805 0.66935 0.03392 0.37878 0.09917 0.48813 0.17049 0.82951
